2
4
9
10
21
22
23
36
39
43
61
63
64
75
78
84
86
89
105
111
112
113
114
116
121
122
139
144
149
152
158
162
170
182
185
196
201
202
203
205
221
224
226
233
239
260
264
273
275
286
293
302
303
305
317
320
330
337
341
346
355
363
366
371
375
377
380
381
385
387
391
394
399
404
406
415
416
428
429
430
439
441
444
450
463
466
468
470
472
492
495
502
504
515
517
520
523
532
533
536
537
538
540
544
551
555
556
566
567
569
584
586
588
591
592
596
602
610
616
629
639
644
648
657
659
663
674
676
677
678
683
687
696
714
717
720
722
723
725
728
729
733
734
737
745
749
755
758
761
764
766
774
783
786
788
805
808
811
821
833
834
840
841
849
850
857
859
863
871
873
885
899
900
901
906
911
917
929
933
946
953
956
962
969
970
971
972
974
975
979
984
989
994
999
1003
1009
1016
1025
1026
1028
1032
1038
1043
1047
1053
1068
1076
1081
1084
1087
1089
1097
1107
1115
1123
1132
1145
1152
1153
1154
1159
1162
1167
1169
1177
1186
1190
1191
1194
1195
1196
1198
1216
1226
1239
1246
1249
1250
1253
1256
1260
1262
1265
1272
1274
1277
1278
1280
1301
1302
1310
1311
1323
1325
1334
1341
1342
1344
1355
1359
1360
1377
1392
1396
1404
1414
1418
1424
1425
1445
1450
1455
1459
1463
1466
1468
1473
1475
1478
