1
4
9
10
15
17
18
20
26
43
47
51
69
75
81
86
90
93
97
99
103
108
109
114
118
127
139
140
145
147
160
167
170
176
189
191
194
196
199
201
213
217
219
230
239
241
252
256
261
268
270
275
287
288
318
323
335
345
347
350
353
361
363
371
374
376
377
380
382
383
384
387
397
400
410
416
419
420
425
428
429
430
431
447
452
455
464
466
469
476
480
488
496
506
509
512
514
516
522
531
539
540
541
543
545
547
551
554
557
563
564
566
568
597
600
605
606
608
611
622
623
630
632
659
661
665
667
682
685
688
690
695
703
713
716
719
720
724
725
726
728
729
739
743
746
748
757
758
761
763
779
780
781
789
790
797
801
802
803
812
817
822
825
841
843
856
857
863
871
875
887
889
891
893
898
918
925
932
942
943
947
948
950
954
970
971
973
975
977
981
982
988
993
997
1006
1011
1021
1025
1028
1033
1035
1040
1042
1051
1053
1067
1072
1077
1078
1091
1094
1106
1109
1113
1116
1126
1128
1136
1137
1138
1146
1160
1171
1176
1183
1185
1189
1191
1200
1201
1203
1204
1210
1213
1230
1241
1247
1250
1253
1256
1257
1267
1269
1270
1272
1289
1293
1296
1298
1302
1303
1318
1321
1327
1334
1337
1340
1353
1355
1358
1360
1393
1396
1397
1403
1405
1410
1419
1421
1428
1434
1441
1449
1453
1458
1468
1470
1471
1477
