1
5
8
11
18
31
37
38
46
47
48
65
71
72
81
85
94
97
100
103
104
105
109
112
125
126
134
136
142
145
149
152
160
176
188
191
196
202
209
211
212
228
232
236
239
241
252
259
260
262
271
276
284
301
309
321
327
331
340
347
352
356
359
360
373
382
383
384
385
388
389
392
399
415
417
419
422
429
431
433
439
440
442
446
449
451
468
471
474
478
486
493
501
506
509
512
513
514
521
524
528
532
541
542
544
548
549
550
561
564
569
573
576
590
591
596
602
605
626
630
645
651
652
665
666
672
678
681
682
686
688
691
698
716
717
719
721
723
724
725
730
733
734
737
742
747
750
757
759
775
777
780
782
784
791
793
795
797
802
804
814
823
836
838
848
856
867
872
873
884
889
895
897
899
905
911
916
920
925
928
936
937
939
945
952
978
983
985
986
989
990
993
994
995
1007
1010
1016
1018
1021
1026
1043
1050
1051
1053
1056
1069
1073
1090
1092
1093
1094
1099
1108
1116
1118
1130
1132
1138
1141
1154
1156
1158
1161
1164
1174
1189
1195
1202
1204
1218
1226
1231
1233
1236
1240
1242
1243
1246
1247
1251
1257
1259
1266
1270
1273
1279
1283
1291
1300
1305
1315
1318
1321
1324
1326
1337
1348
1352
1354
1358
1370
1383
1392
1393
1402
1418
1428
1430
1433
1436
1441
1443
1449
1457
1462
1468
1474
1475
1479
