5
7
11
12
13
14
15
16
17
19
25
27
28
29
30
31
32
33
34
35
37
38
40
41
42
44
45
46
47
48
49
52
54
56
57
58
59
60
65
67
68
69
70
71
72
73
74
76
77
79
80
81
83
85
87
91
93
94
95
96
99
102
104
106
107
108
110
115
117
118
120
123
124
125
127
128
132
133
134
135
136
138
140
141
143
145
146
147
148
150
151
153
154
155
156
157
159
160
163
164
165
167
168
169
171
172
173
174
175
176
177
178
179
181
183
184
187
188
190
191
193
194
195
197
198
200
204
206
207
208
209
210
211
213
216
217
219
220
222
223
225
228
229
230
231
232
234
236
237
240
241
242
243
244
245
246
248
251
252
253
254
255
256
257
258
261
262
265
266
267
268
269
271
274
276
277
278
279
280
282
283
284
285
287
288
289
290
291
292
295
296
297
298
299
300
301
304
306
307
309
311
312
313
314
315
316
318
319
321
322
323
324
325
326
327
328
329
331
332
333
334
335
336
338
339
340
342
343
344
345
347
349
351
352
353
354
356
357
360
361
365
368
370
372
373
378
379
382
383
389
395
397
398
400
401
402
405
407
408
411
412
413
414
417
418
419
421
422
423
424
425
426
427
433
434
435
437
438
445
447
449
451
452
454
455
456
457
458
459
460
461
462
464
465
467
469
471
474
476
477
479
480
481
482
484
485
486
488
489
491
493
494
496
497
498
499
500
501
503
508
509
511
512
514
516
519
524
526
527
528
530
531
534
535
541
545
546
547
548
549
550
552
553
557
558
559
561
564
565
568
570
571
572
574
577
578
579
580
581
582
583
587
589
593
594
595
597
598
599
600
603
604
605
606
607
608
609
612
613
614
615
617
618
620
621
622
623
624
625
626
628
630
631
633
634
635
636
637
638
640
641
642
646
649
650
651
652
653
655
656
658
660
661
662
664
666
667
668
669
671
673
675
680
681
682
685
686
688
689
690
691
695
697
698
699
700
701
702
704
705
706
707
708
710
711
715
718
719
726
730
736
738
740
742
743
744
747
748
750
751
752
753
754
756
757
759
760
765
767
768
769
770
771
775
776
779
780
784
785
789
790
792
793
794
796
798
801
802
803
804
806
807
809
810
813
814
816
817
818
819
820
822
823
824
825
827
828
829
830
831
832
835
836
837
838
839
843
844
845
846
847
851
852
853
855
856
861
862
866
867
868
869
870
872
874
875
878
879
880
881
883
886
888
889
890
891
892
893
894
895
896
897
898
903
904
905
907
908
909
912
913
914
915
916
918
919
920
921
922
923
925
926
927
928
930
931
932
934
936
937
938
939
941
942
943
945
947
949
950
951
954
955
957
958
959
964
965
966
967
968
976
977
981
982
983
985
986
987
990
992
993
995
996
997
998
1004
1006
1007
1012
1013
1014
1015
1017
1018
1020
1021
1023
1024
1029
1030
1031
1033
1034
1035
1037
1041
1042
1044
1046
1048
1050
1051
1052
1054
1055
1056
1057
1060
1061
1062
1063
1064
1065
1066
1067
1069
1070
1071
1073
1074
1075
1079
1080
1082
1083
1085
1086
1088
1090
1091
1092
1093
1094
1095
1096
1099
1100
1101
1103
1105
1106
1108
1109
1110
1112
1113
1114
1116
1117
1118
1119
1120
1122
1124
1125
1126
1127
1128
1130
1131
1133
1134
1135
1136
1137
1138
1139
1141
1142
1143
1146
1147
1148
1149
1150
1155
1156
1158
1160
1161
1164
1165
1166
1168
1172
1173
1174
1176
1179
1180
1181
1182
1183
1184
1185
1187
1188
1189
1193
1197
1200
1201
1202
1204
1205
1206
1207
1208
1209
1210
1211
1212
1213
1214
1215
1219
1220
1221
1222
1223
1224
1225
1227
1228
1230
1231
1232
1237
1238
1240
1243
1245
1248
1254
1257
1258
1259
1261
1264
1266
1267
1268
1269
1270
1273
1276
1279
1281
1282
1284
1285
1286
1287
1288
1289
1291
1292
1293
1294
1295
1297
1298
1299
1300
1303
1304
1305
1306
1307
1309
1312
1313
1314
1315
1316
1318
1319
1321
1322
1324
1326
1328
1330
1331
1332
1333
1337
1338
1339
1340
1343
1345
1346
1347
1350
1351
1353
1354
1356
1357
1358
1362
1364
1365
1366
1367
1368
1370
1371
1372
1373
1374
1375
1376
1378
1379
1380
1381
1383
1384
1385
1386
1387
1388
1390
1391
1393
1394
1397
1399
1400
1401
1402
1403
1405
1407
1409
1411
1412
1413
1415
1417
1419
1420
1422
1423
1426
1427
1429
1430
1431
1433
1434
1435
1436
1437
1438
1439
1440
1441
1442
1443
1444
1446
1447
1449
1452
1453
1454
1456
1457
1458
1460
1461
1464
1465
1467
1470
1472
1476
1477
