6
7
8
12
13
14
16
19
21
22
23
24
25
28
29
31
32
33
34
35
36
38
40
42
44
45
48
50
52
53
54
55
57
58
59
60
61
62
63
64
66
67
68
70
71
73
74
76
77
82
84
87
89
91
92
95
96
98
100
101
102
104
106
107
110
111
113
115
117
119
120
121
122
123
125
128
129
130
131
132
133
135
137
142
143
146
149
150
151
152
153
154
155
156
158
159
161
162
163
164
165
166
168
169
171
172
173
174
175
177
178
180
181
182
183
184
185
186
187
188
190
192
193
195
197
198
200
204
205
206
209
210
212
214
215
216
218
223
224
225
226
227
228
229
231
232
233
235
237
238
240
242
243
244
246
248
249
250
251
253
255
257
258
262
263
264
266
267
269
271
272
273
274
276
277
278
279
280
281
282
283
284
285
286
289
290
291
292
293
294
296
297
298
299
300
303
304
305
307
309
310
311
312
313
314
315
316
317
320
321
322
324
325
326
327
328
330
331
332
333
334
336
338
339
340
341
342
343
344
346
348
349
351
354
355
356
360
364
366
367
368
369
370
373
375
379
385
386
391
393
394
395
398
401
402
403
405
406
407
409
412
413
414
417
418
421
422
424
426
432
436
437
438
439
441
442
443
444
445
448
449
450
453
454
456
457
459
460
461
465
467
468
470
471
472
474
475
477
478
479
482
483
484
485
486
489
490
491
492
493
494
497
498
499
500
501
502
504
505
507
508
511
515
518
520
521
524
525
526
527
528
532
533
535
536
546
548
549
550
552
553
556
559
560
562
565
567
569
571
573
574
575
576
577
578
579
580
581
584
585
586
587
589
590
591
592
593
594
595
596
598
599
601
602
604
607
609
610
612
613
614
615
616
618
619
620
621
624
625
626
627
628
629
631
633
635
636
637
638
639
641
642
643
644
647
648
650
651
653
656
658
660
662
663
664
666
669
672
673
675
677
678
679
680
681
683
686
687
689
691
692
693
694
697
700
701
702
704
705
706
707
708
709
710
711
712
721
722
723
731
734
735
737
740
741
744
749
750
751
752
753
754
759
760
762
764
765
766
767
768
769
770
773
777
778
782
783
784
785
786
787
792
794
796
798
799
800
804
805
806
807
808
809
810
811
813
814
815
816
819
820
821
823
824
828
830
832
833
834
837
838
839
840
842
844
845
846
847
848
849
850
851
853
854
855
859
860
861
862
864
869
870
872
873
877
878
879
880
881
882
883
885
886
890
892
894
895
896
897
900
901
902
903
904
905
906
907
908
909
910
911
912
913
915
916
917
919
920
921
922
923
926
927
928
929
930
931
933
934
935
936
940
941
945
946
949
951
952
953
955
956
957
958
959
961
962
963
965
968
969
974
976
978
983
984
985
987
989
990
992
994
996
998
999
1003
1004
1005
1008
1010
1012
1014
1015
1016
1017
1018
1019
1020
1022
1023
1024
1027
1029
1030
1031
1032
1034
1036
1038
1041
1043
1044
1045
1048
1049
1052
1055
1057
1058
1060
1061
1063
1064
1065
1066
1068
1069
1070
1071
1073
1075
1076
1080
1081
1082
1083
1084
1085
1086
1087
1088
1089
1090
1093
1095
1096
1097
1098
1100
1102
1103
1104
1105
1107
1108
1110
1111
1112
1114
1115
1118
1119
1120
1122
1124
1125
1129
1130
1131
1132
1133
1134
1141
1142
1145
1147
1149
1150
1151
1153
1154
1155
1156
1157
1158
1159
1161
1162
1163
1164
1165
1166
1167
1168
1169
1172
1174
1175
1177
1178
1179
1180
1181
1182
1184
1186
1187
1190
1192
1193
1195
1196
1197
1198
1199
1202
1205
1208
1209
1211
1212
1214
1215
1216
1217
1218
1220
1221
1222
1223
1224
1226
1227
1228
1229
1231
1234
1235
1237
1239
1240
1245
1248
1252
1254
1259
1260
1262
1263
1264
1265
1266
1271
1273
1274
1275
1277
1278
1279
1280
1281
1282
1283
1286
1287
1288
1290
1291
1295
1297
1299
1300
1304
1305
1306
1307
1308
1309
1310
1311
1312
1313
1314
1316
1317
1319
1322
1325
1326
1328
1329
1330
1331
1332
1333
1335
1336
1339
1341
1343
1344
1345
1346
1347
1348
1349
1350
1351
1354
1356
1357
1359
1361
1363
1365
1366
1367
1368
1369
1371
1372
1374
1375
1376
1377
1378
1379
1381
1382
1384
1385
1386
1387
1388
1389
1390
1391
1392
1394
1395
1398
1399
1400
1402
1404
1407
1408
1409
1412
1413
1414
1417
1420
1422
1423
1424
1425
1426
1427
1429
1430
1432
1433
1436
1437
1438
1439
1440
1442
1444
1445
1446
1447
1448
1450
1451
1452
1454
1456
1457
1459
1460
1461
1462
1463
1464
1466
1467
1473
1475
1478
1479
