6
7
9
12
13
14
15
16
17
19
20
21
22
24
25
26
27
28
29
30
32
33
35
36
40
41
42
43
44
45
49
50
51
52
53
54
55
57
62
63
64
66
67
68
69
74
75
76
77
78
79
80
84
86
87
88
90
91
95
96
101
102
108
110
111
114
115
116
117
118
119
120
122
123
124
127
128
130
131
133
135
137
138
139
140
141
143
144
146
147
148
150
151
153
155
157
158
162
163
164
165
166
167
168
169
170
172
173
174
175
177
178
181
182
183
185
186
187
189
190
193
195
197
198
199
201
203
205
206
208
210
213
214
216
217
218
219
220
221
222
223
225
226
227
230
231
233
235
237
238
240
242
243
244
245
246
247
248
249
250
251
253
254
255
257
261
263
264
265
267
268
269
270
273
274
275
277
278
279
280
281
282
283
286
287
289
290
291
292
293
294
295
296
298
299
300
303
304
306
308
310
311
312
313
314
315
316
318
319
320
322
323
324
325
328
332
333
334
335
336
342
343
344
345
346
348
349
350
351
353
355
357
358
361
362
363
364
365
366
367
368
370
371
374
375
377
381
390
394
395
396
397
398
400
403
406
407
408
409
410
411
412
413
416
418
420
423
424
425
426
428
430
434
436
437
438
443
444
445
447
450
452
453
454
455
456
457
458
459
460
461
462
463
465
466
467
470
472
473
475
476
477
479
480
481
482
483
484
485
487
488
489
491
496
498
499
502
503
505
507
510
515
516
517
519
520
523
527
530
531
533
534
536
538
540
543
545
546
547
551
552
553
554
556
559
560
562
563
565
567
568
570
574
577
579
580
581
582
583
584
585
587
589
592
593
594
595
597
598
599
600
604
607
609
610
611
612
614
615
616
617
618
619
620
621
622
623
624
627
628
629
631
632
633
634
635
637
638
639
641
642
643
644
647
649
650
653
654
655
656
657
658
660
661
663
664
667
668
669
670
671
673
674
675
676
677
679
680
683
684
687
689
693
696
697
699
700
701
702
703
706
707
708
710
711
714
715
720
727
731
735
736
739
740
744
746
748
749
751
752
754
755
758
760
764
765
767
768
769
771
772
773
774
776
778
779
781
783
786
788
790
792
794
798
799
800
801
803
805
807
808
810
811
812
813
815
816
817
818
820
821
822
825
826
827
829
830
831
832
834
835
837
839
841
842
843
844
845
847
849
851
852
853
854
858
859
860
861
862
863
866
868
869
870
871
874
875
877
878
879
881
882
883
885
886
887
888
890
892
894
896
900
901
902
903
904
907
908
909
910
913
914
915
917
918
919
921
922
923
924
926
927
930
931
932
933
934
935
938
940
941
944
946
947
948
949
950
951
953
954
956
957
958
959
960
962
964
967
968
970
971
972
974
976
979
980
981
984
987
991
992
997
999
1000
1001
1002
1003
1008
1009
1011
1012
1013
1017
1020
1023
1024
1025
1027
1028
1030
1032
1033
1034
1035
1036
1037
1038
1039
1040
1041
1042
1044
1048
1049
1052
1055
1057
1058
1059
1060
1061
1064
1065
1066
1067
1068
1070
1071
1072
1075
1076
1077
1078
1079
1080
1081
1082
1083
1085
1087
1089
1091
1095
1096
1097
1098
1101
1102
1103
1104
1105
1107
1109
1110
1112
1114
1115
1117
1119
1120
1121
1122
1123
1124
1125
1126
1127
1128
1129
1131
1133
1134
1135
1136
1137
1139
1140
1144
1146
1149
1150
1152
1153
1155
1157
1160
1162
1163
1166
1167
1168
1170
1171
1172
1173
1175
1176
1177
1178
1180
1181
1182
1183
1184
1185
1187
1188
1191
1192
1194
1197
1198
1199
1200
1201
1205
1207
1208
1209
1210
1211
1213
1214
1215
1216
1217
1219
1221
1222
1223
1224
1225
1227
1228
1230
1234
1235
1237
1238
1239
1244
1245
1249
1250
1255
1258
1260
1261
1262
1263
1268
1269
1271
1272
1275
1276
1277
1278
1280
1281
1285
1286
1287
1288
1289
1290
1292
1295
1297
1299
1301
1303
1304
1307
1308
1309
1310
1311
1313
1314
1316
1319
1320
1322
1323
1325
1327
1328
1329
1330
1331
1332
1333
1334
1335
1336
1338
1339
1340
1341
1342
1343
1344
1345
1346
1347
1349
1351
1353
1356
1357
1359
1361
1362
1364
1365
1367
1369
1371
1372
1373
1374
1375
1376
1377
1378
1379
1380
1381
1382
1384
1386
1387
1388
1389
1390
1391
1394
1396
1398
1399
1401
1403
1404
1405
1406
1407
1408
1409
1410
1411
1412
1413
1414
1415
1417
1419
1420
1422
1423
1424
1425
1426
1427
1429
1434
1435
1437
1440
1442
1444
1445
1447
1448
1450
1451
1452
1454
1455
1456
1458
1459
1460
1461
1463
1465
1467
1470
1471
1473
1476
